853	694	752	745	719	773	828	713	731	784	834	810	847	705	805	706	815	711	766	781	726	724	820	824	827	829	695	774	
713	842	745	781	760	719	705	805	724	827	814	829	784	695	834	738	800	794	762	828	
697	824	830	828	823	713	688	726	780	724	805	754	819	834	840	848	695	815	694	696	844	705	777	693	778	701	719	
747	856	774	698	769	800	708	828	823	819	840	753	697	
728	828	792	703	838	807	823	747	805	835	780	754	819	779	739	824	687	764	765	705	843	709	
787	718	797	705	755	809	781	748	703	747	720	793	758	764	849	783	817	827	730	820	770	763	728	741	719	716	803	808	
688	828	766	849	723	727	830	845	770	719	824	734	800	
806	732	714	818	771	839	789	822	725	702	791	689	
713	736	782	813	746	833	786	742	816	829	
712	768	767	707	742	789	839	822	714	
